Sample	Otu00001	Otu00002	Otu00003	Otu00004	Otu00005	Otu00006	Otu00007	Otu00008	Otu00009	Otu00010	Otu00011	Otu00012	Otu00013	Otu00014	Otu00015	Otu00016	Otu00017	Otu00018	Otu00019	Otu00020	Otu00021	Otu00022	Otu00023	Otu00024	Otu00025	Otu00026	Otu00027	Otu00028	Otu00029	Otu00030	Otu00031	Otu00032	Otu00033	Otu00034	Otu00035	Otu00036	Otu00037	Otu00038	Otu00039	Otu00040	Otu00041	Otu00043	Otu00044	Otu00045	Otu00046	Otu00047	Otu00050	Otu00051	Otu00052	Otu00053	Otu00054	Otu00055	Otu00059	Otu00064	Otu00067	Otu00069	Otu00079
B8231B	0.956880285	0.000489203	0	0.000139772	0	0	0	0	0	0	0	0	0	0	0	0	0.000209658	0	0	0	0	0	0	0.000768747	0	0.007967014	0	0	0	0.02928227	0	0.000139772	0	0	0	0.000419317	0	0	0	6.99E-05	0	0	0	0	0	0	0	0	0	0	0	0	0	0	0	0	0
B82311	0.979111223	0.003113231	0	0	0	0	0.00015064	0	0	0	0.000451921	0	0	0	0	0.000100427	0	0	0	0	0	0	0	0.000954055	0	0.007532011	0	0	0	0.005925182	0	0	0	0	0	0.000251067	0	0	0	0	0	0	0	0.000100427	0	0	0	0	0	0	0	0	0	0	0	0	0
B82312	0.968676425	0.000255912	5.12E-05	0	0	0.000614188	0	0	0	0	0.002507933	0	0	0	0	0	0	0	0	5.12E-05	0	0	0	0.001740199	0	0.019807555	0	0	0	0.001586652	0	0.000153547	0	0	0	0.000767735	0	0	0	0.000102365	0	0	0	0	0	0	0	0	0	0	0	0	0	0	0	0	0
B82313	0.953330156	0.000216666	0	4.33E-05	0	0	0.000173333	0	0	0	0.00013	0.001126663	0	0	0	0.003899987	0.002513325	0	0	0	0.000606665	0.000866664	0.002513325	0.001646661	0	0.015166616	0	0	0	0.002599991	8.67E-05	0	0.000259999	0.000173333	0	0.000216666	0	0.001819994	0.000173333	0	0.000909997	0.000996663	0.000216666	0.001603328	0	0	0	0.000259999	0.000823331	0	0	0	0	0	0	0	0
B82314	0.902568684	0	8.93E-05	8.93E-05	0	0	0.000134018	0	0	0	0.000938128	0.000848783	0	0	0	0.001876256	8.93E-05	0	0	0	0.000134018	0.001072147	0.000670092	0.001742238	0	0.00500335	0	0	0	0.004958678	0	0	0.000446728	0.000268037	0	0.000580746	0	0.00241233	0.000223364	0	0	0.047531829	0.000223364	0.000670092	0	0	0	0.000178691	0.003082421	0	0	0	0	0	0	0	0
4738BB	0.976905467	0.01548613	0.000269324	0.000807972	0	0	6.73E-05	0	0	6.73E-05	0.000134662	0.000134662	0	0	0	0.000201993	0	0	0	0.000269324	0	0.000201993	0	0	0	0.000134662	0	0	0	0.003299219	0	0	0	0	0	0	0.000134662	0	0	0	0	0	0	0	0	0	0	0	0	0	0	0	0	0	0	0	0
4738B1	0.989381087	0.00263902	0.000565504	0.000377003	0	0.000188501	0.000125668	0	0.000251335	6.28E-05	0	0	6.28E-05	0	0.00050267	0.000628338	0	0	0	0.000314169	0	0	0.000314169	0	0	6.28E-05	0	0.000125668	0	0.003016023	0	0	0	0	0	0	0	0	0	0	0	0	0	0	0	0	0	0	0	0	0	0	0	0	0	0	0
4738B2	0.648575227	0.267787989	0.000578001	0.00456621	0	5.78E-05	0.0001156	0	0	0	0.001213803	0.002196405	0	0.000346801	5.78E-05	0.003294607	0.007109416	0	0	0.012022426	0.0001734	0.000289001	0.006184614	0	0	0.010577423	0	0	0	0.001040402	0	0	0	0	0	0	0.001618404	0	0	0	5.78E-05	5.78E-05	0	5.78E-05	0	0	0	0	0.0001734	0	0	0	0	0	0	0	0
4738B3	0.783048703	0.200189753	4.52E-05	0.003885425	0	4.52E-05	0.000542152	0	0	0	0.000135538	0	0	0.001084305	0	0.00072287	0.000180717	0	0	0.001897533	4.52E-05	0	0.000361435	0	0	0	0	0	0	0.004292039	0	0	0	4.52E-05	0	0	0	0	0	0	0	0	0	0	0	0	0	0	0	0.000406614	0	0	0	0	0	0	0
4738B4	0.875841584	0.102046205	0.000132013	0.001056106	0	0	0.000660066	0	0	0	0.000132013	0.000330033	0	0.001386139	0	0.004554455	0.00019802	0	0	0.000792079	0.00019802	0.000264026	0.001452145	0	0	0.000330033	0	0	0	0.001320132	0	0	0	0.000990099	0	0	0.00039604	0	6.60E-05	0	0	0.00019802	0	0	0	0	0	0	0	0.000726073	0	0	0	0	0	0	0
Q5519B	0.096995708	0.749422252	0.111455926	0.001716738	0.0158138	0.000330142	0.001518653	0	6.60E-05	0	0.001155497	0.000594256	0	0.000594256	0	0.000594256	0	0	0	0.004258831	0.000132057	0.003103334	0.000693298	0	0	0	0	0	0.004060746	0	0	0	0.000726312	6.60E-05	0	6.60E-05	0.000132057	0	0.000495213	0	0	0	6.60E-05	0	0	0	0	0	0	6.60E-05	0	0	0	0	0	0	0
Q55191	0.264768989	0.598531445	0.071520526	0.023434892	0.012992896	7.15E-05	0.001692652	0	7.15E-05	0	0.000882086	0.000762886	0	0.000739045	0	0.000596004	0.000500644	0	0	0.00948839	0.000262242	0.000977447	0.000262242	9.54E-05	0	0	0	4.77E-05	4.77E-05	0	0	0	0.000977447	7.15E-05	0	0.000143041	7.15E-05	0.000357603	9.54E-05	7.15E-05	0.000476804	0.000262242	0.000190721	0.000739045	0	0	0	4.77E-05	7.15E-05	4.77E-05	2.38E-05	0	4.77E-05	0	0.000119201	0	0
Q55192	0.185903898	0.766773073	0.002548163	0.007616487	0.000812052	0	0.002044131	0	0	2.80E-05	0.001064068	0.001456093	0	0.00218414	0	0.002128136	5.60E-05	0	0	0.010332661	0.00078405	0.002072133	0.001288082	5.60E-05	0	0	0	8.40E-05	5.60E-05	0	0	0	0.000140009	0.000392025	0	2.80E-05	2.80E-05	0.000560036	0.000140009	0	0.000364023	0	8.40E-05	0.000392025	0	5.60E-05	2.80E-05	0.000112007	0	2.80E-05	8.40E-05	0	0	0	0	0	0
Q55193	0.158297943	0.746939795	0.038637688	0.03122658	0.010658673	0	0.000666167	0.000166542	0	0	0.000333084	0.000666167	0	0.000582896	0	0	0	0	8.33E-05	0.004163544	0.000249813	0.000499625	0.000416354	0	0	0.000749438	0	0	0	0	0	0	0	0	0	0	0	0.000416354	8.33E-05	0	0.000166542	0.000416354	0	8.33E-05	0	0	0	0	0	0	0.000249813	0	0.000166542	0	0	0	0
Q55194	0.05406688	0.62817552	0.248853175	0.007023316	0.028757632	0	6.33E-05	0	0	0	0.000980733	0.000727641	0	6.33E-05	0	0.000474548	3.16E-05	0	0.007118226	0.001265462	9.49E-05	0.00101237	0.000316366	0.002436015	0	0	0	0	0.004998576	0	0	0.000126546	0	6.33E-05	0	0.001202189	0	0	0	0	0	0.002657471	0.000158183	0	0	0	0	0	0.001297099	0	0.000158183	0	0.000506185	0	0	0	0
5251QB	0.521461146	0.322453724	0.001207189	0.089466154	0.008092641	0.000536529	0.024099079	0.000760082	0.000134132	0.000134132	0.004292229	0.003889833	0.000134132	0.000312975	0.000178843	0.006304212	8.94E-05	0	0	0.005857105	0.001699007	0	4.47E-05	0	0	0	0	0	0	0	4.47E-05	0	0	0.000134132	0	4.47E-05	0	0	8.94E-05	0	0.003308593	0	0	0	0	0	0	0	4.47E-05	4.47E-05	0	0	0	0	0	0	0
5251Q1	0.296721682	0.598417364	4.52E-05	0.07691612	0.001763509	9.04E-05	0.000180873	4.52E-05	0	0	0.004205291	0.002622654	0	0	0	0.000180873	4.52E-05	0	0	0.016911598	0.000135655	0	0	0	0	4.52E-05	0	0	0	0	0	0	0	0	0	0	0	0	0	0	0.000904364	4.52E-05	0	0	0	0	0	0	0	0	0	0	0	0	0	0	0
5251Q2	0.248645161	0.594924731	0.00111828	0.038967742	0.005892473	0.000516129	0.006967742	0.000258065	4.30E-05	0	0.045462366	0.025247312	0.000860215	0.000516129	0	0.00283871	0	0	0	0.018924731	0.003010753	0	0	0	0.000129032	0	0.000387097	4.30E-05	0	0	0.000129032	0	0	0	0.000172043	0	0	0	0	0	0.001548387	0.000172043	0	0	0	0	0.000129032	0	4.30E-05	0	0	0	0	0	0	0	0
5251Q3	0.309272849	0.277740716	0.000177896	0.374338448	0.008316656	4.45E-05	0.002179231	0	4.45E-05	0.000355793	0.001378697	0.002401601	0	8.89E-05	0	0.000711586	0	0	0	0.020991772	0.000133422	0	0	0	0	0	0	0	0	0	0	0	8.89E-05	0	0	0	0	0	0	0	0	4.45E-05	4.45E-05	0	0	0	0	0	0	0	0	0	0	0	0.000133422	0	0
5251Q4	0.086079467	0.495915532	0.000388997	0.195332037	0.004167824	5.56E-05	0.009447069	5.56E-05	0.000166713	0	0.086746318	0.029063629	0	0.001055849	0	0.015059739	0	0	0	0.053181439	0.006835232	5.56E-05	0	0	0	5.56E-05	0	0	0	0	0	0	0.000222284	0.000166713	0	0	0	0	0	0	0.002000556	0.002500695	0.000111142	0	0	0	0.000277855	0	0	0	0	0	0.000333426	0	0	0	0
N8418B	0	0.123605668	0.187330419	0	0	0.192643955	0.159066928	0.165360265	0.040737112	0.068510702	0.007838408	0.000301477	0	0	0	0.000226108	0.000113054	3.77E-05	0	0	0.014659331	0.000150739	0.000376847	0	0	0	0.00768767	0.008102201	0.006255653	0	0	3.77E-05	0.010815496	0	0	0.003052457	0	0	0	0	0	0	0	0	0	0	0	0	0	0	0.000188423	0	0	0	0	0	0
N84181	0	0.099670077	0.12792866	0	0	0.185569475	0.211246055	0.06364158	0.028593287	0.026250359	0.04800612	0.000262982	0	0	0	2.39E-05	0.031247012	0	0.001434446	0	0.013531606	0.000239074	0.000454241	2.39E-05	0	0.14617003	0.005522616	0.003251411	0.000669408	0	0	9.56E-05	4.78E-05	0	0	0.001506168	7.17E-05	0	2.39E-05	0	7.17E-05	0	0	2.39E-05	0	0	0	0	0	0	0	0	0	0	0	0	0
N84182	3.17E-05	0.084119547	0.206515545	0	3.17E-05	0.144336098	0.158203001	0.089470018	0.050560375	0.030298233	0.063097575	6.33E-05	0	0	0	0.014468435	0	0	0.00075983	0	0.031817894	0.007155069	0	3.17E-05	0	0	0.010605965	0.017317799	0.001329703	0	0	0.000379915	0.041727348	0.000348256	0	0.005603748	0.032704363	0	0	0	0	0	6.33E-05	0	0	0.001234724	0	0	0	0	0	0	0	0	0	0	0
N84183	0	0.244050431	0.267049377	0	3.63E-05	0.068233841	0.177306253	0.062711187	0.034698252	0.034625586	0.033099589	0.000690332	0	0	0	0.001271664	7.27E-05	0.002833993	0	3.63E-05	0.016604295	0.001017331	0.000217999	7.27E-05	0	0	0.013624968	0.005522654	0.003160993	0	0	0	0.021799949	0.000363332	0	0.002397994	0.001089997	0	0	0	3.63E-05	0	7.27E-05	0.000109	0	0	0	3.63E-05	0	0	3.63E-05	0	0	0	0	0	0
3946NB	0	0.243719077	0.258337082	0	0.008578038	0	0.020176059	0.059628606	0	0.178243269	0.071419392	0.00880293	0.00369466	0	0	0.019886911	0	0	0	0	0.000321275	0.055034376	0.001959776	0.011405256	0	6.43E-05	0	0	0.020143931	0	0	0.00064255	0.000867442	3.21E-05	0	0.001863394	0.002152541	0	9.64E-05	0	0	0.002248924	3.21E-05	0.00038553	0	0.000610422	0	0	0.010088029	0	0.006778899	0	9.64E-05	0	0	0	0
3946N1	0	0.293043729	0.379059027	0	0.004870833	0	0.002381296	0.146702266	0	0.050476259	0.007252129	0.002453456	0.001840092	0	0	0.000288642	0	0	0	0	0.000144321	0.001623611	0.000396883	0.008262376	0	0	0	0	0.08475249	0	0	0	0	0	0	0.001082407	0.000144321	0	0	0	0.000541204	0	0.000974167	0.000288642	0	0	0	0	0	0	0.001984413	0	0	0	0	0	0
3946N2	3.20E-05	0.232123987	0.329373339	0	0.00464312	0	0.040154984	0.080085818	0	0.033590573	0.044093631	0.026898076	0.005283551	0	0	0.01223222	6.40E-05	0	0	0	0.002049377	0.036760703	0.001857248	0.040891479	0	3.20E-05	0	0	0.021198245	0	0	0	0.010022735	0.000448301	0	0.003810561	0.009798585	0.000384258	0	0	0.000224151	0.000256172	0.00675654	0.000448301	0	0.005443658	0	0	0.002049377	0	0.011367639	0	3.20E-05	0	0	0	0
3946N3	0	0.50905439	0.320729452	0	0.000223172	0	0.002263598	0.060575145	0	0.049639737	0.025314034	0.001275266	0.001083976	0	3.19E-05	0.00114774	0.000350698	0	0	0	0.00019129	0.002901231	0.000318817	0.00038258	0	0	0.000255053	0	0.017024804	0	0	0	0.000159408	0	0	0.000255053	0.000159408	0.000318817	9.56E-05	0	0.000446343	6.38E-05	0.00019129	0	0	6.38E-05	0	0	0	0	0.00019129	0	0	0	0	0	0
3946N4	0	0.223482922	0.272037247	0	0.000313001	0.117727611	0.135412184	0.127000274	0.023083845	0.037834031	0.01455456	0.000899879	0	0	0	0.001721507	7.83E-05	0	0	0	0.006925154	0.000547752	0.000156501	0.000586877	0	0	0.010211667	0.002699636	0.010759419	0	0	0.000313001	0.002660511	0.000352126	0	0.004147267	0.000352126	0	0	0	0	0	0.000156501	0	0	7.83E-05	0	0	0	0	0.000704253	0	0	0	0	0	0
D6446B	0.617458793	0.00056009	0.167786846	8.00E-05	0.059769563	0	0.000320051	0.014962394	0	0	8.00E-05	0.010801728	0	0.000160026	0	0.006641063	0	0	0	0.00256041	0.004400704	0.000800128	0.020883341	0.001200192	0	0	0	0	0	0	0	0	0.000160026	0.000320051	0	0.001680269	0	0.001040166	0.00144023	0.064650344	0.000960154	0	0	0.001600256	0	8.00E-05	0	8.00E-05	8.00E-05	0	0.000160026	0.00144023	0	0.000160026	0	0.000880141	0.000320051
D64461	0.597925996	7.86E-05	0.19875874	0	0.02969597	0	0.002278262	0.008877367	0	0	0	0.005577814	0	0	0	0.012648283	0.000942729	0	0	0	0.005027889	0.001256972	0.021761332	0.004399403	0	0	0	0	0	0	7.86E-05	7.86E-05	0	0.000707047	0	0.001571215	0	0.002121141	0.003220991	0.07887501	0.00408516	0	0	0.003142431	0	0.000314243	0	0.000314243	0.000864168	0	0.000235682	0	0	0.000628486	0	0	0
D64462	0.57467804	0.002174277	0.286001004	0	0.027429336	0.004348553	0.003679545	0.050677371	0.000334504	0.00167252	0.000501756	0.004850309	0	0	0	0.003177789	0.000334504	0	0	0.000167252	0.000669008	0.001170764	0.005184814	0.000501756	0	0	0	0	0	0	0	0	0	0.000501756	0	0.000167252	0	0.000167252	0	0.012042148	0.002676033	0	0	0.003345041	0	0	0	0.000501756	0	0	0	0.000501756	0	0.007860846	0	0	0
D64463	0.49078712	8.94E-05	0.365966011	4.47E-05	0.107289803	0	0.00049195	0.009436494	0	0.000268336	0	0.002772809	0	0	0	0.001341682	0.00049195	0	0	0.000178891	0.000134168	0.000894454	0.002370304	0.000178891	0	4.47E-05	0	0	0	0	0.000134168	0	0.000223614	8.94E-05	0	0	0	0.001296959	0.000223614	0.000581395	0.000402504	4.47E-05	0	0.003041145	0	0	0	8.94E-05	0	8.94E-05	4.47E-05	0	0	0.00509839	0	0	0
D64464	0.423273385	0.000159625	0.382249654	0.00069171	0.066883048	0	0.001223795	0.083005214	0	0	0	0.00207513	0	0	0	0.001436629	0.000106417	0	0	0.000159625	0.000478876	0.000744919	0.003937427	0.000957752	0	0	0	0	0	0	0	5.32E-05	0	0.000106417	0	0.000266042	0	0.000319251	0.000425668	0.022932851	0.000319251	0	0	0.000425668	0	0	0	0	5.32E-05	0	0	0	0	0.001010961	0	0	0
2578DB	0.920601889	0.062469986	0.001680807	0.000480231	0	0	0.000480231	0	0	0	0	0.001320634	0	0.001240595	0	0.000840403	0.000120058	0	0	0.003841844	0.000160077	0.000120058	0.000920442	0.000160077	0	0	0	0	0	0	0	0	0	4.00E-05	0	0	0	0.000160077	4.00E-05	0.000360173	0.000160077	0	4.00E-05	0	0	0	0	0	4.00E-05	0	0.000240115	4.00E-05	0	0	0	0.000160077	4.00E-05
2578D1	0.408256637	0.55077938	0.0011704	0.0003192	5.32E-05	0	0.0007448	0	5.32E-05	0	0	0.001595999	0	0.0007448	0	0.002074799	5.32E-05	0	0	0.013406395	0.000266	0.001808799	0.001861999	0	0	0.000798	0	0	0	0	0.0001064	0	0.0001064	0.0007448	0	0	0	0	0.000532	0.000532	0.0002128	0.0001596	0.0001596	0	0	0	0	0.0001064	0	0.000266	0	0	0	0	0	0.0001596	0
2578D2	0.116380608	0.728796547	0.000250928	0.004115226	0	0	0	0	0	0	0	0.000100371	0	0	0	0	0.000602228	0	0	0.040951521	0	0	0.000401485	0	0	0.0007026	0	0	0	0	0	0	0	0	0	0.000200743	5.02E-05	0.000150557	0	0.002057613	0.000301114	0.034728495	0	0	0	0.000100371	0	0.0003513	0.020024089	0	5.02E-05	0	0.034527753	0	0	0	0
2578D3	0.831686159	0.027922835	0.000949463	0.000690518	0.000302102	0	0.001337879	0.000129472	0	0	0	0.004919943	0	0.004099953	0	0.002675758	0	0	0	0.112770273	0.00099262	0.000647361	0.004919943	4.32E-05	0	0	0	0	0	0	0	0	8.63E-05	0.000431574	0	0	8.63E-05	4.32E-05	0.000388417	0	0	0.000129472	0.000474731	4.32E-05	0	0	0	0	0	4.32E-05	0	0	0	4.32E-05	0	0	0
T4942B	0.98714653	0	0.000214225	3.57E-05	0	0	0	0.000107112	0	3.57E-05	0.000142816	0.000749786	0	0.000142816	3.57E-05	0.000571265	0.00017852	0	0	0	3.57E-05	0.000142816	0.000357041	0	0	0	0	0	0	0.008818909	0	0	0	0.000142816	7.14E-05	0	3.57E-05	0	0	0	0	0	0	7.14E-05	0	0	0	0.000142816	0	0	0	0	0	0	0	0	0
T49421	0.94785953	0.000126095	0.000189143	0	0	0	0.000504382	6.30E-05	0.000315239	0	0	0.0027741	0	0.000126095	0	0.000252191	0.028686716	0	0	0	0	0.000126095	0.001197907	0	0	0	0	0	0	0.010402875	0	0	0	6.30E-05	0	0	0	0.000315239	6.30E-05	0	0.002332766	0	0	0	0	6.30E-05	0	0	0.000189143	0	0.000126095	0	0	0	0	0	0
T49422	0.974606662	6.46E-05	9.69E-05	0	0	0	9.69E-05	0	0	0	9.69E-05	0.000646141	0	6.46E-05	0	0.000387685	0.01476432	0	0	0	0	0.000129228	0.000355378	0.000161535	0	9.69E-05	0	0	0	0.004619908	0	0	0	0	0	6.46E-05	9.69E-05	0	3.23E-05	0	0.001453817	3.23E-05	0	9.69E-05	0	0	0	0	0	0	0	0	0	0	0	0	0
T49423	0.988022793	8.30E-05	0.000138305	0	0	0.00027661	0	5.53E-05	2.77E-05	0	0	5.53E-05	0	0	0	0.000387254	0.000221288	0	0	0	0	2.77E-05	0.000138305	0	8.30E-05	0	0	0	0	0.009155787	0	5.53E-05	0	0	0	0	0	0	0	0	0	0	0	0	0	0	0	0	0	0	0	5.53E-05	0	0	0	0.000165966	2.77E-05
6136TB	0.117464377	0.000365364	0.000334917	0	0.000152235	0	0	0	0	0	0	0.086378029	0	0.248934356	0	0.110979174	0.017446109	0	0	0	0.022926562	0.053891122	0.0405858	0.089544513	0	0	0	0	6.09E-05	0.000882962	0	3.04E-05	0	0.040859822	0	0.006698332	0	0.047101449	0.026275728	3.04E-05	0.00691146	0.001735477	0.006667885	0.008403361	0	0	0	0.021891365	3.04E-05	0.000517598	0	0.000213129	0	0	0	0.000274023	6.09E-05
6136T1	0.252019287	0.002211234	0.004913854	0	0.009582015	0.001443445	0.000522097	0.000460674	0.000829213	0.000429962	0	0.171339947	0	0.134240349	0.00076779	0.079880839	0.006664414	0	0	0	0.035041921	0.027333313	0.093578207	0.041890605	9.21E-05	0	0	0	0.000552809	0.017382759	0.000153558	0.000399251	0	0.024354289	0.000153558	0.008107859	0	0.000952059	0.024907097	0	0.000706367	6.14E-05	0.011179018	0.000153558	0	0	0	0.004852431	0.000122846	0.002856178	3.07E-05	9.21E-05	3.07E-05	0	0.00018427	0.000122846	6.14E-05
6136T2	0.578398921	0.184504107	0.07012382	0.00539414	0.006620081	0.017285767	0.012136815	0.018143925	0.017530955	0.005884516	0.000122594	0.005639328	0.002819664	0.00061297	0.014711291	0.000980753	0	0	0	0.000122594	0.003800417	0.00061297	0.002574476	0.007846022	0.001225941	0	0.003187446	0.001961505	0.000980753	0.01949246	0.004658575	0	0	0	0.0020841	0.002942258	0	0	0	0	0.000858159	0	0	0	0	0	0	0	0	0	0	0.00061297	0	0	0	0	0
6136T3	0.295531511	0.078301809	0.095647146	0.000495581	0.000330387	0.013545883	0.012719914	0.019245065	0.00289089	0.020814405	0.000825968	0.014950029	0	0.004625423	0.000743372	0.011728752	0.020484018	0	0	0	0.004129842	0.006442554	0.004377633	0.005699182	0	0	0.000660775	0	0.00289089	0.029487074	8.26E-05	0.028661105	0	8.26E-05	0	0.000495581	0	0.002064921	0.002147518	0	0.004129842	0.000165194	0.002064921	0.000578178	0	0.000165194	0	0.000578178	0	0.000412984	0	0.060047906	0.000743372	0	0.039976873	0.025770216	0.020979599
A7130B	0.940543745	0.000338782	0.007707292	0	0.024900483	0	0	0	0	0	0	0.010248158	0	0	0	0	8.47E-05	0	0	0	0	0.000254087	0	0.002710257	0	0	0	0	0	0	0	0	0	0	0	0	0.005505209	0.000169391	0	0	0.000169391	0	0	0	0	0	0	0	8.47E-05	0	0	0	0	0	0	0	0
A71301	0.972008246	0.000325486	0	0	0.01415862	0	0	0	0	0	0	0	0	0	0	0.000271238	0.000433981	0	0	0	0	0	0	0	0	0	0	0	0	0	0	0	0	0	0	0	0.000162743	0	0	0	0	0	0	0.000108495	0	0	0	0	0	0	0	0	0	0	0	0	0
A71302	0.993126779	0.000268485	0	0	0.00236267	0	0	0	0	0.000161091	0	0.000107394	0	0	0	0.000161091	0.001288729	0	0	0	0	5.37E-05	0	0	0	0	0	0	0	0	0	0	0	0	0	0	0	0	0	0	0.000107394	0	0	0.000375879	0	0	0	0	0	0	0	0	0	0	0	0	5.37E-05
A71303	0.989703475	0.00010915	3.64E-05	0	0.003420047	0	0	0	0	0	0	0.000327451	0	3.64E-05	0	0.000436602	0.001382572	0	0	0	0	0.000254684	3.64E-05	0	0	0	0	0	0	0	0	0	3.64E-05	0	0	0	0.00010915	0.000945971	0	0	0	0	0	0.000982354	0	0	0	0.00010915	0	0	0	0	0	0	0	0	0
1401AB	0.441853385	0.000121773	0.344739406	0.177545056	0.001095957	0	0.000365319	0.000365319	0	0	0	0.000669752	0	0	0	0.000913298	0.000669752	0	0	0.018387725	6.09E-05	0	0.000669752	0	0	0	0	0	0	0	0	0	0.001461276	6.09E-05	0	0.00018266	6.09E-05	0	0	0.00018266	0.000243546	0	0.000243546	0	0	0	0	0	0	0	0	0	0	0	0	0	0
1401A1	0.172746043	0	0.684445974	0.093501131	0.000393275	0	0.000294956	0	0	0	0	0	0	0	0	0	0.001327303	0	0	0.041293875	0.000294956	0	0.000294956	0	0	0	0	0	0	0	0	0	0.000639072	0	0	0	0	0	0	0	4.92E-05	0	0	0	0	0	0	0	0	0	0	0	0	0	0	0	0
1401A2	0.394004624	0	0.408753887	0.102208403	0.000717532	0	0.003986287	0.000239177	0	0	0	0.001036435	0	7.97E-05	0	0.002312047	0.012596667	0	0.000159451	0.025990592	0.001993144	0	0.001753966	0	0	0	0	0	0	0	0.000159451	0.000318903	0.003348481	0.000318903	0	0.000239177	0.000159451	0.001036435	0	7.97E-05	0.000478354	0	0.000478354	0	0	0	0	0	0	0.000159451	0	0	0	0	0	0	0
1401A3	0.342196241	0.002640015	0.460054057	0.060217487	0.00201144	0	0.010120058	0	0	0	0	0.012445785	0	0	0	0.007857188	0.004840028	0	0	0.044880256	0.009365768	0.00025143	0.00326859	0	0	0	0	0	0	0	0.000377145	0	0.01106292	0.003205733	0	6.29E-05	0.000440003	0.001822868	0	0	0.000817148	0.000691433	0.000942863	0	0	0	0	0	0.000628575	0	0	0	0	0	0	0	0
F7086B	0	0.120381587	0.18970321	6.06E-05	0	0.172168383	0.088067838	0.049727438	0.03367656	0.071078134	0.060266505	0.005663234	0.000302847	0	0	0.004815263	0.08646275	0	0	0	0.01399152	0.002392489	0.000847971	0.000151423	0.013355542	0	0.007086614	0.020956996	0.004300424	0	0.000363416	0	0.002574197	0.010205936	0	0.0037553	0.00608722	0.00096911	0.000363416	0	0.000878256	6.06E-05	0.000181708	0.002967898	0	0	0	0.000211993	0	0.000666263	0	0	0	0	0	0	0
F70861	0.962315485	0.007583213	0.000868307	0.000694645	0.000115774	5.79E-05	0.000115774	0.000520984	0	0.000115774	5.79E-05	0.000115774	0	0	0	0.000694645	0.000173661	0	0	0.001331404	0	0	0	0	0	0	5.79E-05	0	0	0.021128799	0	0	0.000173661	0	0	0	0	0	0	0	0.00040521	0	0	0.002431259	0	0	0	0	0	0	0	0	0	0	0	0	0
F70862	0.961268048	0.003389831	0.001067169	0.00094162	0.000502197	0	0	0.000313873	0	6.28E-05	0	0.00081607	0	0	0	0.000376648	0.001067169	0	0	0.002636535	0	0	0.000125549	0	0	0	6.28E-05	0	0	0.014249843	0	0	0.000125549	0	0	0	0	0	6.28E-05	0	0.000188324	0	0	0.005963591	0	0	0	0	0	0	0	0.000251099	0	0	0	0	0
F70863	0.886879035	0.010991943	0.004855664	0.003468331	0.001067179	0.000106718	0.000480231	0.000800384	0.000106718	0.001707486	5.34E-05	0	0	0	0.000373513	0.000747025	0.001227256	0	0	0.021823809	0.000213436	0	0	0	5.34E-05	0	0.000106718	0.000160077	0	0.044234566	0.000320154	0	0	0.000266795	0.000160077	0.000586948	0	0.000266795	0	0	5.34E-05	0	0.000106718	0.00859079	0	0.000533589	0	0	0	0	0	0	0	0	0	0	0
3691FB	0.917428737	0.001828969	0.00312263	0.003078021	0.005576125	0.000178436	0.001472097	0.000223045	0.000401481	0.000223045	0	0.007449703	0.000579917	0	0.000178436	0.003256457	0.000312263	0	0	0.002275059	0.000802962	0.000535308	0.000535308	0	0.00044609	0	8.92E-05	0	0	0.025248695	0.000133827	0	0.003167239	0.002899585	0	0.000535308	0.000624526	0.000624526	8.92E-05	0	4.46E-05	0	0.000758353	0.009278672	0	0	0	4.46E-05	4.46E-05	0.001026007	0	0	0	0	0	0	0
3691F1	0	0.027842546	0.147935811	0	0	0.486545056	0.174571389	0.016595803	0.048333562	0.002605953	0.044493211	0.000438897	0.000192018	0	5.49E-05	2.74E-05	2.74E-05	0	0.001618434	0	0.001124674	0.000164586	0	0	0.017309011	2.74E-05	0.003319161	0.004032369	0.000137155	0	0.000329173	0	0.00024688	0.003483747	0	0.001700727	0.000438897	0	0	0	0	2.74E-05	0	0	0	0	0	0	0	0.005019888	0	0	0	0	0	0	0
3691F2	0.000442229	0.146940581	0.187766342	0	4.02E-05	0.328274503	0.088325159	0.029669534	0.046192812	0.002392056	0.013085953	0.000643242	0.000542735	0	2.01E-05	0.000221114	0.081189194	0	0	2.01E-05	0.002593069	0.000402026	8.04E-05	0	0.021890327	0.001849321	0.008904881	0.009769237	0.000140709	0	0	2.01E-05	0.000341722	0.000783951	2.01E-05	0.002170942	4.02E-05	0.002291549	6.03E-05	0	0.010010453	4.02E-05	0.000120608	0.003658439	0	2.01E-05	0	0	8.04E-05	0.000261317	0	4.02E-05	0	0	4.02E-05	0	0
3691F3	0.000196249	0.023970394	0.123861056	2.80E-05	0	0.395385349	0.157896212	0.053575934	0.048080967	0.011746895	0.055258067	0.000364462	0.00384087	0	0	0.00201856	5.61E-05	0	0	0	0.007906025	0.001794275	8.41E-05	0	0.032717486	5.61E-05	0.020830413	0.018615605	0.000280355	0	0.000112142	0	0.000392498	0.008915305	0	0.007541563	0.001654097	0.000420533	2.80E-05	0	0.000168213	0	0	0.000140178	0	5.61E-05	0	0.000168213	0	0.004625866	0	0	0	0	0	0	0
U1240B	0.951085016	0.016543024	0.000198358	0	0	0	0.00130916	0.000238029	0	0	0.000634744	0.002142262	0	0.001348832	0	0.002380291	0.000198358	3.97E-05	0	0.008807077	0.000277701	0.001229817	0.000952116	3.97E-05	0	0	0	0	0	0.000158686	0.000119015	3.97E-05	0.000119015	0.000396715	0	7.93E-05	3.97E-05	0.001586861	0.000555401	0	0.000634744	3.97E-05	0.000277701	0.000317372	0	0	0	0.000833102	0	0.000198358	0	0	0	0	0	0	0
5005UB	0.005605245	0.975531889	0.000536154	9.75E-05	0	0	0.000170594	0	0	0	0	0.000536154	0	0	0	0.000658007	0.000584895	0	0	0.000146224	0.000121853	0.000146224	0.000243706	0	0	0	0	0	0	0.012867692	2.44E-05	0	0.000828601	0	0	0	0	0	0.000316818	0	0.000243706	0	4.87E-05	0.000292448	0	0	0	0	0	0	0	0	0	0	0	0	0
S58881	0.000537731	0.003943359	0	0.000448109	0.000179244	0	0.015863058	0	0	0	0.002957519	0.013801757	0	0	0	0.018999821	0.010037641	0	0.715540419	8.96E-05	0.005108442	0.013891378	0.025631834	0.002419788	0	0.000627353	0	0	0	0	0	0.000627353	0.000806596	0.003316006	0	0.000716974	0.000358487	0	0.003136763	0	0.026528052	0	0.002688654	0.012726295	0	0.000268865	0.000358487	0	0	0	0.018999821	0.004391468	0.001075462	0	0.004660333	0.003316006	0.002599032
S58882	0.035267349	0.001137656	0	0	0.000568828	0	0.020477816	0	0	0	0.001137656	0.056882821	0	0	0	0.043799772	0.006825939	0.000568828	0.36632537	0	0.011376564	0.013083049	0.060295791	0	0	0	0	0	0	0	0.002275313	0	0.002275313	0.02559727	0	0.002844141	0.002275313	0	0.011376564	0	0.175767918	0	0.001137656	0.034698521	0	0.001137656	0.000568828	0.001706485	0	0.002844141	0.03185438	0.008532423	0	0	0	0.000568828	0
S58884	0.000471531	0.031121066	0	0	0	0	0.000707297	0	0	0	0	0.000235766	0	0	0	0.000943063	0.501355652	0	0.457621125	0	0	0.000589414	0.000353648	0	0	0	0	0	0	0	0	0	0	0.000117883	0	0	0.000471531	0	0	0	0.001886125	0	0	0.001060945	0	0	0.000117883	0	0	0	0	0	0	0	0.000117883	0	0
6806SB	0.000202092	0.854190876	0.001010458	0.117869954	0.020663871	0	0	0	0	0	0	0	0	0	0	0	0.000101046	0	0	5.05E-05	0	5.05E-05	0	0	0	0	0	0	0	0	0	0	0	0	0	0	0	0	0	5.05E-05	5.05E-05	5.05E-05	0	0	0	0	0	0	0	0	5.05E-05	0	0	0	0	0	0
6806S1	4.11E-05	0.85286619	0	0.074512707	0.070606135	0	0	0	0	0	0	0	0	0	0	0	0	0	0	0	0	0	0	0	0	0	0	0	0	0	0	0	0	0	0	0	0	0	0	0	0	0	0	0	0	0	0	0	0	0	0	0	0	0	0	0	0
6806S2	5.53E-05	0.734150254	5.53E-05	0.232794866	0.027799292	0	2.77E-05	0	0	0	0	0.000691525	0	0	0	0.000636203	8.30E-05	0	0	0	5.53E-05	0.00027661	8.30E-05	0	0	0	0	0	0	0	0.000414915	0	8.30E-05	0.00027661	0	0	0	0	2.77E-05	0	0	0	0	0	0	8.30E-05	0	2.77E-05	0	0.000138305	2.77E-05	0	0	0	0	5.53E-05	0
6806S3	2.45E-05	0.89322674	0	0.026043455	0.078375595	0	0	0	0	0	0	0	0	0	0	0	2.45E-05	0	0.000147138	0	0	0	0	0	0	0	0	0	0	0	0	4.90E-05	0	0	0	0	0	0	0	0	0	0	0	0	0	0	0	0	0	0	4.90E-05	0	2.45E-05	0	2.45E-05	0	0
6806S4	0.000214417	0.926025987	0	0.005017368	0.066855354	0	8.58E-05	0	0	0	0	0	0	0	0	0	0	0	0.00012865	0	0	0	4.29E-05	0	0	0	0	0	0	0	0	0	0	0	0	0	0	0	0	0	0	0	0	0	0	0	0	0	0	0	0	0	0	0	0.000300184	0	0
E4344B	0.000168095	0.004538578	0	0.000168095	0.001344764	0	0.026727181	0	0	0	0.000168095	0.009749538	0	0.000168095	0	0.008740965	0.000168095	0.018994789	0	0	0.009245251	0.007228106	0.008068583	0.01596907	0	0	0	0	0.000168095	0	0.018658598	0.724323416	0.008404774	0.000168095	0	0.033282905	0	0	0.000840477	0	0.000168095	0	0	0.000504286	0	0.000336191	0	0	0	0	0.00336191	0	0	0.076819634	0	0	0
9385EB	0.000191889	0.852500959	0.013624152	0	0.108545478	0	0	0	0	0.000127926	0.000191889	0.000703595	0	0	0	0.000959447	0.000191889	0	0	0.0145836	0	0.000703595	0.000383779	0	0	6.40E-05	0	0	0	0	0	6.40E-05	0	0	0	0	0	0	0	0	0.000191889	0.000191889	0	0	0	0	0	0	0.000511705	0	0.000383779	0	0	0	0	0	0
L8895B	2.94E-05	0.003944889	0.241197598	0	0	0.063677579	0.076778144	0.07477626	0.081076307	0.082783797	0	0	0.020578191	0	0.112605982	0.020813707	0	0	0	2.94E-05	0.051784032	0	0	0	0.01003886	0	0.025759538	0.036446067	0.012511776	0	0.03011658	0	5.89E-05	0.009273434	0.012865049	0.01283561	0	0	0	0	0	0	0	0	0	0	0	0	0	0	0	0	0	0	0	0	0
L88951	7.65E-05	7.65E-05	0.326153493	0	0	0.028445176	0.103603948	0.072652843	0.084532099	0.043557273	0	7.65E-05	0.09805647	0	0.093216773	0.001205142	1.91E-05	0	0	0	0.013734792	3.83E-05	0	3.83E-05	0.018727523	0	0.024714974	0.011324508	0.004284949	0	0.020984773	0	1.91E-05	0.005815288	0.024944525	0.010425434	0	0	0	3.83E-05	0	0	0	0	0	0	0	0	0	0	0	0	0	0	0	0	0
L88952	2.54E-05	7.61E-05	0.282885898	0	0	0.017998834	0.087687277	0.070955966	0.035211803	0.049813674	0	0.000228154	0.160037519	0	0.088549193	0.013156894	0	0	0	0	0.008036099	2.54E-05	0	0	0.067533653	0	0.02317033	0.013714604	0.000861916	0	0.023956194	0	0.000101402	0.001267524	0.036555378	0.007047431	0	0.000152103	0	0	2.54E-05	0	0	2.54E-05	0	0	0	0	0	0	0	0	0	0	0	0	0
L88953	2.59E-05	0.000103788	0.175895174	2.59E-05	0	0.189309808	0.11380384	0.06035288	0.166839647	0.023559938	0	2.59E-05	0.05796575	0	0.061261028	0.009133368	0	0	0	0	0.015412558	0	0	0	0.027088739	0	0.005967826	0.014841723	0.002101713	0	0.026050856	0	0	0.000570835	0.02070576	0.009807992	0	5.19E-05	0	0	0	0	0	0.000129735	0	0	0	0	0	0	0	0	0	0	2.59E-05	0	0
L88954	0.004618851	0.000262861	0.510852422	0	7.51E-05	0.008599324	0.063800225	0.046413819	0.033496057	0.017874578	3.76E-05	0.000488171	0.122117912	0	0.073075479	0.007622982	0.000112655	0	0	0	0.006646639	0.000187758	0	0	0.042883965	0	0.00897484	0.00713481	0.000901239	0	0.014494931	0	0.00045062	0.000713481	0.020127676	0.003304544	0	3.76E-05	0	0	0	0	0	7.51E-05	0	0	0	0	0	0	0	0	0	0	3.76E-05	0	0
9565LB	9.01E-05	0.913286461	0.024157202	0	0	0.00306472	0.00757166	0.003966108	0.003695691	0.004146385	0	0.000540833	0.000360555	0.000360555	0.00838291	0.000811249	0.000630972	0	0	0.011267352	0.002794303	0	0.000630972	0	0.000270416	0	0.001261943	0.002704164	0.000721111	0	0.001983054	0	0	0.000630972	0.000991527	0.000540833	0	0	0	0	0	0	0	0	0	0	0	9.01E-05	0	0.000630972	0	0	0	0	0	0	0
9565L1	5.56E-05	0.992938167	0.000166815	0	0	0	0.000834075	0	0.00011121	5.56E-05	0	0.000500445	0	0.00022242	5.56E-05	0.00022242	0.000278025	0	0	0.003503114	0.00011121	0	0.00044484	0	0	0	0	0	0	0	0	5.56E-05	0	0.00022242	0	0	0	0	0	0	0	0	0	0	0	0	0	0	0	0	0	0	0.00011121	0	0	0	0
9565L2	0	0.978442915	8.29E-05	0	0	0	0.003026283	0	0	0	0	0.002362988	0	8.29E-05	0	0.001989885	0.000124368	0	0	0.001492414	0.000124368	0.000580383	0.001989885	0	4.15E-05	0	0	0	0	0.007918083	0	0	0	0	0	8.29E-05	0	0	0	0	0.000165824	0	0	0	0	0	0	0	4.15E-05	4.15E-05	0	0	0	0	0	0	4.15E-05
9565L3	0	0.972225967	0.000943778	0	0	0.000539302	0.001617905	0.000269651	0	0.000269651	0	0.000808952	0	0	0	0.000134825	0.001078603	0	0	0.002426857	0.000134825	0.000539302	0.000674127	0	0	0	0	0	0	0.01523527	0	0	0.000134825	0.000134825	0	0	0	0	0	0	0	0	0	0	0	0	0	0	0	0	0	0	0	0	0.000269651	0	0
9565L4	3.25E-05	0.96578973	0.000292673	0	0	3.25E-05	0.010015934	0	3.25E-05	0	3.25E-05	0.005300641	0	6.50E-05	6.50E-05	0.003251927	0.000130077	0	0	0.002243829	0.00045527	0.001593444	0.002796657	0	0	0	3.25E-05	3.25E-05	0	0.003869793	0	0	0	0.000162596	0	0	0.000130077	0	6.50E-05	0	0	0	0.000325193	0	0	0	0	0	0	0	0	0	0	0	0	0	3.25E-05
J6329B	6.98E-05	6.98E-05	0	0.000104683	0	0	0.379824133	0	0	0	0.004850304	0.065077814	0	0.09658734	0	0.068322981	3.49E-05	0	0	0	0.043199107	0.060855608	0.061169656	0.019715263	0	0	0	0	0	0	0.024146835	3.49E-05	0.00073278	0.011026589	0	0.008653779	0.022681276	0.007292903	0.010119338	0	0.000628097	0	0.007990788	0.001535348	0	0.024740038	0.003943053	0.002826436	0	0.011480215	0	0	0	0	0	0	0
J63291	0	0.473207236	0	0.000240294	0.000102983	0	0.117812639	0	0	0	0.002505922	0.06738526	0	0.038275377	0	0.036970924	0	0.000102983	0	0.001647729	0.016614603	0.024681611	0.023686108	0.038515671	0	0	0	0	0	0	0.000308949	0.000377605	0.003947685	0.001922351	0	0.004084995	0.011087845	0.007071505	0.006522262	0	0.000274622	0	0.017953383	0.002059662	3.43E-05	0.015550445	0.04641104	0.001750712	0	0.001476091	0	0	0	0	0	0	0
J63293	0.032394366	0.018075117	0.019953052	0	0.012441315	0	0.345305164	0.002347418	0	0.004929577	0.040140845	0.029812207	0	0.046244131	0	0.032629108	0	0	0	0	0.026056338	0.048826291	0.052347418	0.037793427	0	0	0	0	0.00258216	0	0.01314554	0	0	0.003521127	0	0.003755869	0.00399061	0.001408451	0.029342723	0	0	0.000469484	0.026056338	0.003286385	0	0.074882629	0.004460094	0.000234742	0	0.046244131	0.000469484	0	0	0	0	0	0
8911JB	3.28E-05	3.28E-05	0	0.978235178	0	0	6.57E-05	0	0	0	0.000492417	0.000164139	0	0	0	0	0.000196967	0.007977152	0	0	0	0.000229794	0	0.000558072	0	0	0	0	0	0	6.57E-05	6.57E-05	0	0	0	0.000131311	0	0	0	0	0.002921673	0	0	0	0.007813013	3.28E-05	0	0	3.28E-05	0	0.000229794	0	0	0	0	0	0
8911J1	6.76E-05	0.000743193	0	0.775961084	0	0	0.003648402	0	0	0	0.001486386	0.002499831	0	0.005134788	0	0.003107898	0.004526721	0.144855077	0	0	0.001418823	0.001013445	0.001148571	0.005202351	0	6.76E-05	0	0	0	0	0.000540504	6.76E-05	0	0.000202689	0	0.000202689	0	0	0.000743193	0	0	0	0	0	0.041956625	0	0	0	6.76E-05	0.000337815	0	0	0	0	0	0	0
8911J2	0.000504258	0.000280143	0	0.392256835	0.002353205	0.001232631	0.004202152	0	0	0	0.000616316	0.006163156	0	0.008012102	0	0.005939041	0.00638727	0.503809951	0	0	0.000728373	0.003025549	0.001232631	0.006779471	0	0.000560287	0	0	0	0	0.002241147	0	0	0.000168086	0	0.00084043	5.60E-05	5.60E-05	0.000112057	0	0.003249664	0.003641865	0.000336172	0	0.039220081	0	0	0	0.000392201	5.60E-05	0	0	0.000112057	0	0	0	0
8911J4	0.000460264	0.000920528	0	0.357471617	0	0	0	0	0	0	0	0.002761583	0	0.003682111	0	0	0.002608162	0.576403805	0	0	0	0	0.000767106	0.005983431	0	0.000613685	0	0	0	0	0	0.000306843	0	0	0	0	0	0	0	0	0	0	0	0.000460264	0.036821111	0	0	0	0	0	0	0	0	0	0	0	0
P8982B	8.19E-05	0	0.099676481	0.226503952	0.625537491	0	0.002047586	0	0	0	0.000286662	0.004750399	0	0	0	0.004340882	4.10E-05	0	0	0.006019903	0.000163807	0.001228552	0.001269503	0.000859986	0	8.19E-05	0	0	8.19E-05	0	0	0.000122855	4.10E-05	0	0	0.000286662	4.10E-05	0.002129489	0.000122855	0	0.000204759	0	0	0.000204759	0	0	0	0.000204759	0.012858839	0.000122855	0	8.19E-05	0	4.10E-05	0	0	8.19E-05
P89821	0.000206782	0	0.148263027	0.06792804	0.712934243	0	0.000103391	0	0	0	5.17E-05	0.002636476	0	5.17E-05	0	0.002274607	0.000103391	0	0	0.029776675	0	0.002222911	0.000413565	0.020368073	0	0.000310174	0	0	0.000982217	0	0	0.000206782	0	0.000413565	0	0.000516956	0	0.000103391	0.000361869	0	0	0.000206782	0	0	0	0.000310174	0	0	5.17E-05	0.000775434	0.000103391	0	0	0	0	0	0
P89822	0.000152402	0	0.167337235	0.290356011	0.521153377	0	0.000182882	0	0	0	0	0.002804194	0	0.000182882	0	0.001981224	0.000182882	0	0	0.005181663	0	0.001402097	0.000243843	0.003413802	0	0.000243843	0	0	0	0	0	0	0	9.14E-05	0	9.14E-05	0.000152402	0.001371617	6.10E-05	0	0.000121921	0	3.05E-05	3.05E-05	0	0	0	0.000182882	3.05E-05	0	0	0	0	0	0	0.000121921	0
P89823	2.35E-05	0	0.046541117	0.285633776	0.637674353	0	0.000234819	0	0	0	0	0.00098624	0	0	0	0.000680975	0.001455878	0	0	0.010050251	2.35E-05	0.000540084	0.000845348	0.000352228	0	0.000399192	0	0	0	0	0	0.000117409	0	0	0	0.000258301	0.000117409	0.000422674	0	0	0.001690696	7.04E-05	0	0.000540084	0	0	0	0	0.000164373	0	4.70E-05	0	2.35E-05	0.000234819	0	7.04E-05	0
P89824	0	0.071001991	0.032894113	0.148307896	0.708882359	0	0.001137549	0.001564129	9.48E-05	0.006303915	0.002180301	0.006066926	0.000142194	0	0	0.002417291	0.001042753	0	0	0.00729927	4.74E-05	0.001943312	0.001801119	0.000758366	0	0.000142194	0	0	0.000947957	0	0	0	0	0.000236989	0	0	4.74E-05	9.48E-05	0.000189591	0	0	0.000710968	9.48E-05	4.74E-05	0	0	0	0.000284387	0.000236989	0.000142194	9.48E-05	0	0.000142194	0	0	0	0
4302PB	0.791026099	0.000238351	0.000953402	5.96E-05	5.96E-05	0	0.021034442	0	0	0	0	0.004230723	0	0	0	0.00762722	5.96E-05	0	0	0.005184126	0.009295674	0.006137528	0.0048266	0.00381361	0	0	0	0	0	0	0	0	0.062745799	0.005958765	0	0.002204743	0.014658563	0	0.000715052	0	0.000357526	0	0.004588249	0	0	0.000119175	0	0.006673817	5.96E-05	0.000655464	0	5.96E-05	0	0	5.96E-05	5.96E-05	0
4302P1	0.873366694	0.002409415	0.000834028	4.63E-05	4.63E-05	0	0.001853396	0	0	0	9.27E-05	0.004540821	0	0	0	0.003753128	0.00018534	4.63E-05	0	0.012788435	0.002594755	0.002594755	0.00264109	0.000278009	0	0	0	0	0	0	0	0.000139005	0.008849968	0.000278009	0	0.000417014	0.003197109	4.63E-05	4.63E-05	0	0	4.63E-05	0.000139005	0.00018534	0	4.63E-05	0	0.004957835	0	9.27E-05	0	0.00528218	0.000556019	0	0.001204708	0.00528218	0.001714392
4302P2	0.958406278	0.007485663	0.006700875	6.04E-05	6.04E-05	0.000664051	0.002595835	0.002958044	0.000120736	0.001146997	6.04E-05	0.000241473	0	0	0	0.000181105	0.000301841	0	0	0.013281014	0.000362209	0.000301841	0.001086628	0	0	0	0	0	0.000482946	0	0	0	0.000543314	0.000482946	0	0	0	0	0	0	0	0	0	0	0	0	0	0.000301841	0	0	0	6.04E-05	0.000181105	0	0	0	0.000301841
4302P3	0.982899382	0.000220653	0.000220653	0.000110327	0	0	0.000882613	0.000110327	0	0	0	0.001103266	0	0	0	0.000661959	0.001544572	0	0	0.006067961	0.000110327	0.00033098	0.002316858	0	0	0	0	0	0	0	0	0	0	0	0	0.000110327	0	0	0	0	0.000220653	0	0	0	0	0	0	0	0.000551633	0.000220653	0.000110327	0.000220653	0	0	0	0.000441306	0
4302P4	0.96974597	0	0	0	0	0	0.002034323	0	0	0	0	0.001251891	0	0	0	0.003077565	0	0	0	0.007563507	0.000938918	0.001095405	0.000573783	0.000156486	0	0	0	0	0	0	0	0	0.003129727	5.22E-05	0	0	0.003077565	0	0.000156486	0	0	0	0	0	0	0	0	0.001929998	0	0.000104324	0	0.000104324	0	0	0	5.22E-05	0